Sensor: 2S_4289_SN10_smalledge
Date:6/21/2018 11:38:01.7830 AM
Step Size X and Y: 251.6130 and 194.6490
Step Number X and Y: 31 and 37
Calibration X and Y: 11.4500 and 10.8800
Angle: -0.006000
f/e: 55=fiducial, 33=edge
edge: 0=top, 1=left, 2=right, 3=bottom 

edge	filx	fily	pixx	pixy	psx	psy	f/e
0	0	0	143.848206	69.878494	68270	61345	55
0	0	0	93.837769	69.911949	68270	61345	55
0	0	0	45.986359	69.952393	68270	61345	55
0	10	0	93.288612	70.386642	65754	61360	55
0	10	0	181.144714	70.345131	65754	61360	55
0	10	0	269.060822	70.177071	65754	61360	55
0	11	0	162.890869	69.861511	65502	61362	55
0	11	0	74.980812	69.907379	65502	61362	55
0	11	0	250.730713	69.762611	65502	61362	55
0	12	0	146.077744	70.600151	65251	61363	55
0	12	0	233.937927	70.493805	65251	61363	55
0	12	0	58.299343	70.660179	65251	61363	55
0	13	0	127.843201	70.092926	64999	61365	55
0	13	0	40.097420	70.143410	64999	61365	55
0	13	0	215.708191	70.003571	64999	61365	55
0	13	0	303.695251	69.881935	64999	61365	55
0	14	0	109.344200	70.746712	64747	61366	55
0	14	0	21.669870	70.798576	64747	61366	55
0	15	0	299.613525	70.017967	64496	61368	55
0	16	0	18.082655	70.923851	64244	61369	55
0	17	0	207.151016	70.016075	63993	61371	55
0	17	0	295.128723	69.836113	63993	61371	55
0	18	0	101.530159	70.763527	63741	61372	55
0	18	0	13.814021	70.777870	63741	61372	55
0	18	0	189.305038	70.605492	63741	61372	55
0	18	0	277.216095	70.530563	63741	61372	55
0	19	0	83.581802	70.117393	63489	61374	55
0	19	0	171.344040	70.075226	63489	61374	55
0	19	0	259.259430	69.829903	63489	61374	55
0	1	0	165.153412	69.104279	68018	61347	55
0	1	0	253.022858	69.044090	68018	61347	55
0	20	0	67.027191	70.941788	63238	61375	55
0	20	0	242.767502	70.775253	63238	61375	55
0	20	0	154.817184	70.881004	63238	61375	55
0	21	0	49.394428	70.434441	62986	61377	55
0	21	0	224.981171	70.195236	62986	61377	55
0	21	0	137.117996	70.271675	62986	61377	55
0	22	0	31.989960	71.085274	62735	61378	55
0	22	0	119.675247	71.030472	62735	61378	55
0	22	0	207.514282	70.955605	62735	61378	55
0	22	0	295.427338	70.851326	62735	61378	55
0	23	0	277.924347	70.277199	62483	61380	55
0	23	0	14.475967	70.636467	62483	61380	55
0	23	0	189.987457	70.382912	62483	61380	55
0	23	0	102.209068	70.480324	62483	61380	55
0	24	0	172.167572	71.098160	62231	61381	55
0	24	0	84.356842	71.232712	62231	61381	55
0	24	0	260.127411	70.967796	62231	61381	55
0	25	0	67.667290	70.626328	61980	61383	55
0	25	0	155.394791	70.559525	61980	61383	55
0	25	0	243.316650	70.389236	61980	61383	55
0	26	0	49.883251	71.337341	61728	61384	55
0	26	0	137.668518	71.223015	61728	61384	55
0	26	0	225.446854	71.151001	61728	61384	55
0	27	0	32.989773	70.741096	61477	61386	55
0	27	0	120.738640	70.699730	61477	61386	55
0	27	0	208.711227	70.615364	61477	61386	55
0	27	0	296.561768	70.436310	61477	61386	55
0	28	0	278.766785	71.201653	61225	61387	55
0	28	0	190.831406	71.363922	61225	61387	55
0	28	0	102.937729	71.436668	61225	61387	55
0	28	0	15.183934	71.549004	61225	61387	55
0	29	0	85.063553	70.893478	60973	61389	55
0	29	0	172.922501	70.821236	60973	61389	55
0	29	0	260.829529	70.758987	60973	61389	55
0	2	0	60.216568	70.045258	67767	61348	55
0	2	0	147.988800	69.904289	67767	61348	55
0	2	0	235.879135	69.813934	67767	61348	55
0	30	0	68.642616	71.617683	60722	61390	55
0	30	0	156.335800	71.435440	60722	61390	55
0	31	0	178.675873	71.059883	60470	61392	55
0	31	0	228.797821	70.895851	60470	61392	55
0	31	0	276.630432	70.932495	60470	61392	55
0	3	0	305.486542	69.188850	67515	61350	55
0	3	0	217.498795	69.268150	67515	61350	55
0	3	0	129.631760	69.492203	67515	61350	55
0	3	0	41.843349	69.481964	67515	61350	55
0	4	0	24.717508	70.162102	67264	61351	55
0	4	0	112.372787	70.035431	67264	61351	55
0	4	0	200.188034	69.943642	67264	61351	55
0	4	0	288.178680	69.857124	67264	61351	55
0	5	0	269.761475	69.263580	67012	61353	55
0	5	0	181.819443	69.333733	67012	61353	55
0	5	0	94.051262	69.534775	67012	61353	55
0	6	0	75.587166	70.174278	66760	61354	55
0	6	0	163.340820	70.042229	66760	61354	55
0	6	0	251.195038	70.010223	66760	61354	55
0	7	0	58.805103	69.762970	66509	61356	55
0	7	0	234.360519	69.611641	66509	61356	55
0	7	0	146.499619	69.631187	66509	61356	55
0	8	0	40.826183	70.337326	66257	61357	55
0	8	0	304.301666	69.983437	66257	61357	55
0	8	0	216.330414	70.156166	66257	61357	55
0	8	0	128.599304	70.344765	66257	61357	55
0	9	0	23.300259	69.831841	66006	61359	55
0	9	0	111.053329	69.807243	66006	61359	55
0	9	0	286.851440	69.657249	66006	61359	55
0	9	0	198.936478	69.654976	66006	61359	55
3	0	37	91.061905	170.532318	68313	68547	55
3	0	37	141.111298	170.523499	68313	68547	55
3	0	37	43.256340	170.599106	68313	68547	55
3	1	37	163.939423	170.970245	68062	68548	55
3	1	37	251.865082	170.974609	68062	68548	55
3	2	37	57.288692	170.612305	67810	68550	55
3	2	37	145.158371	170.446457	67810	68550	55
3	2	37	233.041443	170.478394	67810	68550	55
3	3	37	128.049820	171.106842	67559	68551	55
3	3	37	40.257423	171.135162	67559	68551	55
3	3	37	303.871155	171.010071	67559	68551	55
3	3	37	215.938644	171.037003	67559	68551	55
3	4	37	109.964981	170.651550	67307	68553	55
3	4	37	22.172176	170.710815	67307	68553	55
3	4	37	197.877274	170.557007	67307	68553	55
3	4	37	285.817261	170.486435	67307	68553	55
3	5	37	91.790039	171.025558	67055	68554	55
3	5	37	179.690613	170.995270	67055	68554	55
3	5	37	267.475372	170.956100	67055	68554	55
3	6	37	74.755722	170.759811	66804	68556	55
3	6	37	162.521927	170.761078	66804	68556	55
3	6	37	250.485809	170.595551	66804	68556	55
3	7	37	56.271046	171.216690	66552	68557	55
3	7	37	231.909348	171.072617	66552	68557	55
3	7	37	144.055817	171.112625	66552	68557	55
3	8	37	39.250050	170.790695	66301	68559	55
3	8	37	214.917923	170.640991	66301	68559	55
3	8	37	127.044373	170.688751	66301	68559	55
3	8	37	302.865387	170.491547	66301	68559	55
3	9	37	109.048897	170.053833	66049	68561	55
3	9	37	21.260916	170.060547	66049	68561	55
3	9	37	196.876175	170.014313	66049	68561	55
3	9	37	284.832153	169.954041	66049	68561	55
3	10	37	90.960274	170.688690	65797	68562	55
3	10	37	178.763336	170.518799	65797	68562	55
3	10	37	266.714630	170.347458	65797	68562	55
3	11	37	73.966431	170.045181	65546	68564	55
3	11	37	249.688461	169.932556	65546	68564	55
3	11	37	161.821625	169.956757	65546	68564	55
3	12	37	143.707214	170.652481	65294	68565	55
3	12	37	231.427994	170.667297	65294	68565	55
3	12	37	55.899624	170.711914	65294	68565	55
3	13	37	213.277618	169.787216	65042	68567	55
3	13	37	125.454170	169.829346	65042	68567	55
3	13	37	301.197327	169.681961	65042	68567	55
3	13	37	37.686741	169.886749	65042	68567	55
3	14	37	108.676224	170.210373	64791	68568	55
3	14	37	20.942421	170.229446	64791	68568	55
3	15	37	297.261597	169.362854	64539	68570	55
3	16	37	16.761574	170.182907	64288	68571	55
3	17	37	205.223282	169.583496	64036	68573	55
3	17	37	293.220734	169.505600	64036	68573	55
3	18	37	99.321945	170.072754	63784	68574	55
3	18	37	187.208267	169.910583	63784	68574	55
3	18	37	11.656691	170.054810	63784	68574	55
3	18	37	275.122009	169.967987	63784	68574	55
3	19	37	82.373894	169.632019	63533	68576	55
3	19	37	258.073853	169.405579	63533	68576	55
3	19	37	170.200485	169.481812	63533	68576	55
3	20	37	64.924454	170.177338	63281	68577	55
3	20	37	152.733368	170.072556	63281	68577	55
3	20	37	240.592972	170.066895	63281	68577	55
3	21	37	135.840851	169.686218	63030	68579	55
3	21	37	223.689484	169.582031	63030	68579	55
3	21	37	48.034008	169.721497	63030	68579	55
3	22	37	117.788147	170.214111	62778	68580	55
3	22	37	205.656754	170.172089	62778	68580	55
3	22	37	293.618958	170.090576	62778	68580	55
3	22	37	29.989124	170.218704	62778	68580	55
3	23	37	99.918488	169.762970	62526	68582	55
3	23	37	187.721588	169.734558	62526	68582	55
3	23	37	12.199678	169.852158	62526	68582	55
3	23	37	275.659241	169.459610	62526	68582	55
3	24	37	83.032219	170.415909	62275	68583	55
3	24	37	170.820221	170.378906	62275	68583	55
3	24	37	258.816925	170.269608	62275	68583	55
3	25	37	65.391685	169.898788	62023	68585	55
3	25	37	153.231522	169.836334	62023	68585	55
3	25	37	241.092804	169.829376	62023	68585	55
3	26	37	136.436569	170.554169	61772	68586	55
3	26	37	224.348465	170.360397	61772	68586	55
3	26	37	48.689594	170.593246	61772	68586	55
3	27	37	30.755215	169.902832	61520	68588	55
3	27	37	118.475906	169.819382	61520	68588	55
3	27	37	206.315613	169.778275	61520	68588	55
3	27	37	294.295776	169.718948	61520	68588	55
3	28	37	188.635635	170.357941	61268	68589	55
3	28	37	100.848137	170.470795	61268	68589	55
3	28	37	276.580170	170.282211	61268	68589	55
3	28	37	13.075755	170.526901	61268	68589	55
3	29	37	259.614502	169.825012	61017	68591	55
3	29	37	171.730301	169.918076	61017	68591	55
3	29	37	83.946136	169.931519	61017	68591	55
3	30	37	153.807129	170.506363	60765	68592	55
3	30	37	66.048416	170.544037	60765	68592	55
3	31	37	177.105759	169.861130	60514	68594	55
3	31	37	227.198059	169.792908	60514	68594	55
3	31	37	275.157684	169.816254	60514	68594	55
0	0	0	8.000000	7.000000	68270	61345	33
3	31	31	312.000000	0.000000	60506	67426	33
3	0	32	7.000000	0.000000	68308	67574	33
3	31	32	313.000000	0.000000	60508	67621	33
3	0	33	7.000000	0.000000	68309	67768	33
3	31	33	312.000000	0.000000	60509	67815	33
3	0	34	6.000000	0.000000	68310	67963	33
0	10	0	0.000000	8.000000	65754	61360	33
3	31	34	311.000000	0.000000	60510	68010	33
3	0	35	6.000000	0.000000	68311	68158	33
3	31	35	311.000000	0.000000	60511	68205	33
3	0	36	6.000000	0.000000	68312	68352	33
3	31	36	311.000000	0.000000	60512	68399	33
3	0	37	6.000000	233.000000	68313	68547	33
3	1	37	0.000000	234.000000	68062	68548	33
3	2	37	0.000000	233.000000	67810	68550	33
3	3	37	0.000000	234.000000	67559	68551	33
3	4	37	0.000000	233.000000	67307	68553	33
3	5	37	0.000000	234.000000	67055	68554	33
3	6	37	0.000000	233.000000	66804	68556	33
3	7	37	0.000000	234.000000	66552	68557	33
3	8	37	0.000000	234.000000	66301	68559	33
3	9	37	0.000000	233.000000	66049	68561	33
3	10	37	0.000000	233.000000	65797	68562	33
3	11	37	0.000000	233.000000	65546	68564	33
3	12	37	0.000000	234.000000	65294	68565	33
3	13	37	0.000000	233.000000	65042	68567	33
3	14	37	0.000000	233.000000	64791	68568	33
3	15	37	0.000000	232.000000	64539	68570	33
0	11	0	0.000000	8.000000	65502	61362	33
3	16	37	0.000000	233.000000	64288	68571	33
3	17	37	0.000000	232.000000	64036	68573	33
3	18	37	0.000000	233.000000	63784	68574	33
3	19	37	0.000000	232.000000	63533	68576	33
3	20	37	0.000000	233.000000	63281	68577	33
3	21	37	0.000000	233.000000	63030	68579	33
3	22	37	0.000000	233.000000	62778	68580	33
3	23	37	0.000000	233.000000	62526	68582	33
3	24	37	0.000000	233.000000	62275	68583	33
3	25	37	0.000000	233.000000	62023	68585	33
3	26	37	0.000000	233.000000	61772	68586	33
3	27	37	0.000000	233.000000	61520	68588	33
3	28	37	0.000000	233.000000	61268	68589	33
3	29	37	0.000000	233.000000	61017	68591	33
3	30	37	0.000000	233.000000	60765	68592	33
3	31	37	312.000000	233.000000	60514	68594	33
2	31	3	313.000000	0.000000	60474	61976	33
1	0	4	8.000000	0.000000	68275	62124	33
0	12	0	0.000000	8.000000	65251	61363	33
0	13	0	0.000000	8.000000	64999	61365	33
0	14	0	0.000000	8.000000	64747	61366	33
2	31	4	313.000000	0.000000	60475	62171	33
0	15	0	0.000000	8.000000	64496	61368	33
1	0	5	8.000000	0.000000	68276	62318	33
0	16	0	0.000000	9.000000	64244	61369	33
0	17	0	0.000000	8.000000	63993	61371	33
0	18	0	0.000000	8.000000	63741	61372	33
2	31	5	311.000000	0.000000	60476	62365	33
1	0	6	8.000000	0.000000	68277	62513	33
0	19	0	0.000000	8.000000	63489	61374	33
0	1	0	0.000000	6.000000	68018	61347	33
0	20	0	0.000000	9.000000	63238	61375	33
0	21	0	0.000000	8.000000	62986	61377	33
2	31	6	311.000000	0.000000	60477	62560	33
1	0	7	8.000000	0.000000	68278	62708	33
0	22	0	0.000000	9.000000	62735	61378	33
0	23	0	0.000000	8.000000	62483	61380	33
0	24	0	0.000000	9.000000	62231	61381	33
2	31	7	312.000000	0.000000	60478	62755	33
1	0	8	7.000000	0.000000	68279	62902	33
0	25	0	0.000000	8.000000	61980	61383	33
0	26	0	0.000000	9.000000	61728	61384	33
0	27	0	0.000000	8.000000	61477	61386	33
2	31	8	314.000000	0.000000	60480	62949	33
1	0	9	8.000000	0.000000	68281	63097	33
0	28	0	0.000000	9.000000	61225	61387	33
0	29	0	0.000000	9.000000	60973	61389	33
0	2	0	0.000000	8.000000	67767	61348	33
0	30	0	0.000000	9.000000	60722	61390	33
2	31	9	312.000000	0.000000	60481	63144	33
0	31	0	313.000000	9.000000	60470	61392	33
1	0	10	6.000000	0.000000	68282	63291	33
1	0	1	9.000000	0.000000	68271	61540	33
2	31	10	313.000000	0.000000	60482	63338	33
1	0	11	8.000000	0.000000	68283	63486	33
2	31	11	313.000000	0.000000	60483	63533	33
1	0	12	8.000000	0.000000	68284	63681	33
0	3	0	0.000000	7.000000	67515	61350	33
2	31	12	311.000000	0.000000	60484	63728	33
1	0	13	8.000000	0.000000	68285	63875	33
2	31	13	312.000000	0.000000	60485	63922	33
1	0	14	7.000000	0.000000	68286	64070	33
2	31	14	313.000000	0.000000	60487	64117	33
1	0	15	8.000000	0.000000	68288	64265	33
0	4	0	0.000000	8.000000	67264	61351	33
2	31	15	311.000000	0.000000	60488	64312	33
1	0	16	7.000000	0.000000	68289	64459	33
2	31	16	312.000000	0.000000	60489	64506	33
1	0	17	8.000000	0.000000	68290	64654	33
2	31	17	311.000000	0.000000	60490	64701	33
1	0	18	6.000000	0.000000	68291	64849	33
0	5	0	0.000000	7.000000	67012	61353	33
2	31	18	312.000000	0.000000	60491	64896	33
3	0	19	7.000000	0.000000	68292	65043	33
3	31	19	312.000000	0.000000	60492	65090	33
2	31	1	313.000000	0.000000	60471	61587	33
3	0	20	6.000000	0.000000	68293	65238	33
1	0	2	8.000000	0.000000	68272	61734	33
3	31	20	313.000000	0.000000	60494	65285	33
3	0	21	8.000000	0.000000	68295	65433	33
0	6	0	0.000000	8.000000	66760	61354	33
3	31	21	313.000000	0.000000	60495	65480	33
3	0	22	7.000000	0.000000	68296	65627	33
3	31	22	312.000000	0.000000	60496	65674	33
3	0	23	7.000000	0.000000	68297	65822	33
3	31	23	312.000000	0.000000	60497	65869	33
3	0	24	7.000000	0.000000	68298	66016	33
3	31	24	312.000000	0.000000	60498	66063	33
0	7	0	0.000000	7.000000	66509	61356	33
3	0	25	6.000000	0.000000	68299	66211	33
3	31	25	312.000000	0.000000	60499	66258	33
3	0	26	6.000000	0.000000	68300	66406	33
3	31	26	313.000000	0.000000	60501	66453	33
3	0	27	8.000000	0.000000	68302	66600	33
3	31	27	311.000000	0.000000	60502	66647	33
3	0	28	5.000000	0.000000	68303	66795	33
0	8	0	0.000000	8.000000	66257	61357	33
3	31	28	312.000000	0.000000	60503	66842	33
3	0	29	6.000000	0.000000	68304	66990	33
3	31	29	310.000000	0.000000	60504	67037	33
2	31	2	313.000000	0.000000	60472	61781	33
3	0	30	6.000000	0.000000	68305	67184	33
1	0	3	10.000000	0.000000	68274	61929	33
3	31	30	312.000000	0.000000	60505	67231	33
3	0	31	6.000000	0.000000	68306	67379	33
0	9	0	0.000000	8.000000	66006	61359	33
